00001805
00001820
00001821
00001834
00001835
00001836
00001913
00001964
00002050
00002051
00002052
00002053
00002223
00002224
00002274
00002275
00002276
00002277
00002278
00002279
00002280
00002281
00002282
00002284
00002285
00002287
00002288
00002289
00002290
00002291
00002293
00002294
00002295
00002296
00002297
00002298
00002299
00002300
00002301
00002302
00002303
00002304
00002305
00002306
00002307
00002308
00002309
00002310
00002311
00002312
00002313
00002314
00002315
00002316
00002317
00002318
00002319
00002320
00002321
00002322
00002323
00002324
00002325
00002326
00002327
00002328
00002329
00002330
00002331
00002332
00002333
00002334
00002335
00002336
00002338
00002339
00002340
00002341
00002342
00002343
00002344
00002345
00002346
00002347
00002348
00002349
00002350
00002351
00002352
00002353
00002354
00002355
00002356
00002357
00002358
00002359
00002360
00002361
00002362
00002363
00002364
00002365
00002366
00002367
00002368
00002369
00002370
00002371
00002372
00002373
00002374
00002375
00002376
00002377
00002378
00002380
00002385
00002386
00002387
00002388
00002389
00002390
00002391
00002392
00002393
00002394
00002395
00002396
00002397
00002398
00002399
00002400
00002401
00002402
00002403
00002404
00002405
00002406
00002407
00002408
00002409
00002410
00002411
00002412
00002413
00002414
00002415
00002416
00002417
00002418
00002419
00002420
00002421
00002422
00002423
00002424
00002425
00002426
00002428
00002429
00002430
00002431
00002432
00002433
00002434
00002435
00002436
00002437
00002438
00002439
00002440
00002441
00002442
00002443
00002444
00002445
00002448
00002449
00002450
00002451
00002452
00002455
00002456
00002457
00002458
00002459
00002460
00002461
00002462
00002463
00002464
00002465
00002466
00002467
00002468
00002469
00002470
00002471
00002472
00002473
00002474
00002475
00002476
00002477
00002478
00002479
00002480
00002481
00002482
00002483
00002485
00002486
00002487
00002488
00002489
00002490
00002491
00002492
00002493
00002494
00002496
00002497
00002498
00002499
00002500
00002501
00002502
00002503
00002504
00002505
00002506
00002507
00002508
00002509
00002510
00002511
00002512
00002513
00002514
00002515
00002516
00002517
00002518
00002519
00002520
00002521
00002522
00002523
00002524
00002527
00002528
00002530
00002531
00002532
00002533
00002534
00002535
00002536
00002537
00002538
00002540
00002541
00002542
00002543
00002544
00002545
00002546
00002547
00002548
00002549
00002551
00002552
00002553
00002554
00002555
00002556
00002557
00002558
00002559
00002560
00002561
00002562
00002563
00002564
00002565
00002567
00002568
00002569
00002570
00002571
00002575
00002576
00002577
00002578
00002579
00002580
00002581
00002582
00002584
00002585
00002586
00002587
00002588
00002589
00002591
00002592
00002593
00002594
00002595
00002596
00002597
00002598
00002613
00002614
00002615
00002616
00002617
00002618
00002619
00002620
00002621
00002622
00002623
00002624
00002625
00002626
00002627
00002628
00002629
00002630
00002631
00002632
00002633
00002634
00002635
00002636
00002637
00002638
00002639
00002640
00002641
00002642
00002643
00002644
00002645
00002646
00002647
00002648
00002649
00002651
00002652
00002653
00002654
00002655
00002656
00002657
00002658
00002659
00002660
00002661
00002662
00002663
00002664
00002665
00002666
00002667
00002669
00002670
00002671
00002672
00002673
00002674
00002675
00002676
00002677
00002678
00002679
00002680
00002681
00002682
00002683
00002684
00002685
00002687
00002688
00002689
00002690
00002691
00002692
00002693
00002696
00002697
00002698
00002699
00002700
00002701
00002702
00002703
00002704
00002705
00002706
00002708
00002709
00002710
00002711
00002712
00002713
00002714
00002715
00002716
00002717
00002718
00002719
00002720
00002721
00002722
00002723
00002724
00002725
00002726
00002727
00002728
00002729
00002730
00002731
00002732
00002733
00002734
00002735
00002736
00002737
00002738
00002739
00002740
00002741
00002742
00002743
00002744
00002747
00002748
00002749
00002750
00002751
00002752
00002753
00002754
00002755
00002756
00002757
00002758
00002759
00002760
00002761
00002763
00002764
00002765
00002766
00002767
00002768
00002769
00002770
00002771
00002772
00002773
00002774
00002775
00002776
00002777
00002778
00002779
00002781
00002782
00002783
00002787
00002788
00002789
00002790
00002797
00002798
00002800
00002801
00002802
00002803
00002804
00002805
00002806
00002808
00002809
00002810
00002811
00002812
00002813
00002814
00002815
00002816
00002817
00002818
00002828
00002829
00002830
00002831
00002832
00002833
00002834
00002835
00002836
00002837
00002839
00002840
00002841
00002842
00002843
00002844
00002845
00002846
00002847
00002848
00002849
00002850
00002851
00002852
00002853
00002855
00002856
00002857
00002858
00002859
00002860
00002861
00002862
00002863
00002864
00002865
00002867
00002868
00002869
00002870
00002871
00002872
00002873
00002874
00002875
00002876
00002877
00002878
00002879
00002880
00002881
00002882
00002883
00002884
00002885
00002887
00002888
00002889
00002890
00002891
00002892
00002893
00002894
00002895
00002896
00002897
00002898
00002899
00002900
00002901
00002902
00002903
00002904
00002905
00002906
00002907
00002908
00002909
00002910
00002911
00002912
00002913
00002914
00002917
00002919
00002920
00002921
00002922
00002923
00002924
00002925
00002926
00002927
00002928
00002930
00002931
00002932
00002933
00002934
00002935
00002936
00002937
00002938
00002939
00002940
00002941
00002942
00002943
00002944
00002945
00002946
00002947
00002948
00002949
00002951
00002952
00002953
00002954
00002955
00002956
00002957
00002958
00002959
00002960
00002961
00002962
00002963
00002964
00002965
00002966
00002967
00002968
00002969
00002970
00002971
00002972
00002973
00002975
00002976
00002977
00002978
00002979
00002980
00002981
00002982
00002983
00002984
00002985
00002986
00002987
00002988
00002989
00002991
00002992
00002993
00002994
00002995
00002996
00002997
00002998
00002999
00003000
00003001
00003002
00003003
00003004
00003005
00003006
00003007
00003008
00003009
00003010
00003011
00003012
00003013
00003014
00003015
00003016
00003017
00003018
00003019
00003020
00003021
00003022
00003023
00003024
00003025
00003026
00003027
00003028
00003029
00003030
00003031
00003032
00003033
00003034
00003035
00003036
00003037
00003038
00003039
00003040
00003041
00003042
00003043
00003044
00003045
00003046
00003047
00003048
00003049
00003050
00003051
00003052
00003053
00003054
00003055
00003056
00003057
00003058
00003059
00003060
00003061
00003062
00003063
00003064
00003065
00003066
00003067
00003068
00003069
00003070
00003071
00003072
00003073
00003074
00003075
00003076
00003077
00003078
00003079
00003080
00003081
00003082
00003083
00003084
00003085
00003086
00003087
00003088
00003089
00003090
00003091
00003092
00003093
00003094
00003095
00003096
00003097
00003098
00003100
00003101
00003104
00003105
00003106
00003107
00003108
00003109
00003110
00003111
00003112
00003113
00003114
00003115
00003116
00003117
00003118
00003119
00003120
00003121
00003122
00003123
00003124
00003125
00003126
00003127
00003128
00003129
00003130
00003131
00003132
00003133
00003134
00003135
00003136
00003140
00003143
00003144
00003145
00003146
00003147
00003148
00003149
00003150
00003151
00003152
00003153
00003154
00003155
00003156
00003157
00003158
00003159
00003160
00003161
00003162
00003163
00003164
00003165
00003167
00003168
00003169
00003170
00003171
00003172
00003173
00003174
00003175
00003176
00003177
00003178
00003179
00003180
00003181
00003182
00003183
00003184
00003185
00003186
00003187
00003188
00003190
00003191
00003192
00003193
00003203
00003204
00003205
00003206
00003207
00003208
00003209
00003210
00003211
00003212
00003213
00003214
00003215
00003216
00003217
00003218
00003219
00003220
00003221
00003222
00003223
00003224
00003225
00003226
00003227
00003228
00003229
00003230
00003231
00003232
00003233
00003234
00003235
00003236
00003237
00003238
00003239
00003240
00003241
00003242
00003243
00003244
00003245
00003246
00003247
00003248
00003249
00003250
00003251
00003252
00003253
00003254
00003255
00003256
00003257
00003258
00003259
00003260
00003261
00003262
00003263
00003264
00003265
00003266
00003267
00003268
00003269
00003270
00003271
00003272
00003273
00003274
00003275
00003276
00003277
00003278
00003279
00003280
00003281
00003282
00003283
00003284
00003285
00003286
00003287
00003288
00003289
00003290
00003291
00003292
00003293
00003294
00003295
00003296
00003297
00003298
00003300
00003301
00003302
00003303
00003304
00003305
00003306
00003307
00003308
00003309
00003310
00003311
00003312
00003313
00003314
00003315
00003316
00003317
00003318
00003319
00003320
00003321
00003322
00003323
00003324
00003325
00003326
00003328
00003329
00003330
00003331
00003332
00003333
00003334
00003335
00003336
00003337
00003338
00003339
00003340
00003341
00003342
00003343
00003344
00003345
00003346
00003347
00003349
00003350
00003351
00003352
00003353
00003354
00003355
00003356
00003357
00003358
00003359
00003360
00003361
00003362
00003363
00003364
00003365
00003366
00003367
00003368
00003369
00003370
00003371
00003372
00003373
00003374
00003375
00003376
00003377
00003378
00003379
00003380
00003381
00003382
00003383
00003384
00003385
00003386
00003387
00003388
00003390
00003391
00003392
00003393
00003394
00003395
00003396
00003397
00003398
00003399
00003400
00003401
00003402
00003403
00003404
00003405
00003406
00003407
00003409
00003410
00003411
00003412
00003415
00003416
00003417
00003418
00003419
00003420
00003421
00003422
00003423
00003424
00003426
00003427
00003428
00003429
00003430
00003431
00003432
00003433
00003434
00003435
00003436
00003437
00003438
00003439
00003440
00003441
00003442
00003443
00003444
00003445
00003446
00003447
00003448
00003449
00003450
00003451
00003452
00003453
00003454
00003456
00003457
00003458
00003459
00003460
00003461
00003462
00003463
00003464
00003465
00003466
00003467
00003468
00003469
00003470
00003471
00003472
00003473
00003474
00003475
00003477
00003478
00003479
00003480
00003481
00003482
00003483
00003485
00003486
00003487
00003488
00003489
00003490
00003491
00003492
00003493
00003494
00003495
00003496
00003497
00003498
00003499
00003500
00003501
00003502
00003503
00003504
00003505
00003506
00003507
00003508
00003509
00003510
00003511
00003512
00003513
00003514
00003515
00003516
00003517
00003518
00003519
00003520
00003521
00003522
00003523
00003524
00003525
00003526
00003527
00003528
00003529
00003530
00003532
00003533
00003534
00003535
00003536
00003537
00003538
00003539
00003540
00003541
00003542
00003543
00003544
00003545
00003546
00003547
00003548
00003549
00003550
00003551
00003552
00003553
00003554
00003555
00003556
00003557
00003558
00003559
00003560
00003561
00003562
00003563
00003564
00003565
00003566
00003567
00003568
00003569
00003570
00003571
00003572
00003573
00003574
00003575
00003576
00003577
00003578
00003579
00003581
00003582
00003583
00003584
00003585
00003586
00003587
00003588
00003589
00003590
00003591
00003592
00003593
00003594
00003595
00003596
00003597
00003598
00003599
00003600
00003601
00003602
00003603
00003604
00003605
00003606
00003607
00003608
00003609
00003610
00003611
00003612
00003613
00003614
00003615
00003616
00003617
00003618
00003619
00003620
00003622
00003623
00003624
00003625
00003626
00003627
00003628
00003629
00003630
00003631
00003632
00003633
00003634
00003635
00003636
00003637
00003638
00003639
00003640
00003641
00003642
00003643
00003644
00003645
00003646
00003647
00003648
00003649
00003650
00003651
00003652
00003653
00003654
00003655
00003657
00003658
00003659
00003660
00003661
00003662
00003663
00003664
00003665
00003666
00003667
00003668
00003670
00003671
00003672
00003673
00003674
00003675
00003676
00003677
00003679
00003680
00003681
00003682
00003683
00003684
00003685
00003686
00003687
00003688
00003689
00003690
00003691
00003693
00003694
00003695
00003696
00003697
00003698
00003699
00003700
00003701
00003702
00003703
00003704
00003705
00003706
00003707
00003708
00003709
00003710
00003711
00003712
00003713
00003714
00003715
00003716
00003717
00003718
00003719
00003720
00003721
00003722
00003723
00003724
00003725
00003726
00003727
00003728
00003729
00003730
00003731
00003732
00003733
00003734
00003735
00003736
00003737
00003738
00003739
00003740
00003741
00003742
00003743
00003744
00003745
00003746
00003747
00003748
00003749
00003750
00003751
00003752
00003753
00003754
00003755
00003756
00003757
00003758
00003759
00003760
00003761
00003762
00003763
00003765
00003766
00003767
00003768
00003769
00003770
00003772
00003773
00003774
00003775
00003776
00003777
00003778
00003779
00003780
00003781
00003782
00003783
00003784
00003785
00003786
00003787
00003788
00003789
00003790
00003791
00003792
00003793
00003794
00003795
00003796
00003797
00003798
00003799
00003800
00003801
00003802
00003803
00003804
00003805
00003806
00003807
00003808
00003809
00003810
00003811
00003812
00003813
00003814
00003815
00003816
00003817
00003818
00003819
00003820
00003821
00003822
00003823
00003824
00003825
00003826
00003827
00003828
00003829
00003830
00003831
00003832
00003833
00003834
00003835
00003837
00003838
00003839
00003840
00003841
00003842
00003843
00003844
00003845
00003846
00003847
00003848
00003849
00003850
00003851
00003852
00003853
00003854
00003855
00003856
00003857
00003858
00003859
00003860
00003861
00003862
00003863
00003864
00003865
00003866
00003867
00003868
00003869
00003870
00003871
00003872
00003873
00003874
00003875
00003876
00003877
00003878
00003879
00003880
00003881
00003882
00003883
00003884
00003885
00003886
00003887
00003888
00003889
00003890
00003891
00003892
00003893
00003895
00003896
00003897
00003898
00003899
00003900
00003901
00003902
00003903
00003904
00003905
00003906
00003907
00003908
00003909
00003910
00003911
00003912
00003913
00003914
00003915
00003916
00003917
00003918
00003919
00003920
00003921
00003922
00003923
00003924
00003925
00003926
00003927
00003928
00003929
00003930
00003931
00003932
00003933
00003934
00003935
00003936
00003937
00003938
00003939
00003940
00003941
00003942
00003943
00003944
00003945
00003946
00003947
00003948
00003949
00003950
00003951
00003952
00003953
00003954
00003955
00003956
00003957
00003958
00003959
00003960
00003961
00003962
00003963
00003964
00003965
00003966
00003967
00003968
00003969
00003970
00003971
00003972
00003973
00003974
00003975
00003976
00003977
00003978
00003979
00003980
00003981
00003982
00003983
00003984
00003985
00003986
00003987
00003988
00003989
00003990
00003991
00003992
00003993
00003996
00003997
00003998
00003999
00004000
00004001
00004002
00004003
00004004
00004005
00004006
00004007
00004008
00004009
00004010
00004011
00004012
00004013
00004014
00004015
00004016
00004017
00004018
00004019
00004020
00004021
00004022
00004023
00004024
00004025
00004026
00004027
00004028
00004029
00004030
00004031
00004032
00004033
00004034
00004035
00004036
00004037
00004038
00004039
00004040
00004041
00004042
00004043
00004044
00004045
00004046
00004047
00004048
00004049
00004050
00004051
00004052
00004053
00004054
00004055
00004056
00004057
00004058
00004059
00004060
00004061
00004062
00004063
00004064
00004065
00004066
00004067
00004068
00004069
00004070
00004071
00004072
00004073
00004074
00004075
00004076
00004077
00004078
00004080
00004081
00004082
00004083
00004084
00004085
00004086
00004087
00004088
00004089
00004091
00004092
00004093
00004094
00004095
00004096
00004097
00004098
00004099
00004101
00004102
00004103
00004104
00004105
00004107
00004108
00004109
00004110
00004111
00004112
00004113
00004114
00004115
00004116
00004117
00004118
00004119
00004120
00004121
00004122
00004123
00004124
00004125
00004126
00004127
00004128
00004129
00004130
00004131
00004132
00004133
00004134
00004135
00004136
00004137
00004138
00004139
00004140
00004141
00004142
00004143
00004145
00004146
00004147
00004148
00004149
00004150
00004151
00004152
00004153
00004154
00004155
00004156
00004157
00004158
00004159
00004160
00004161
00004162
00004163
00004164
00004166
00004167
00004168
00004169
00004170
00004171
00004172
00004173
00004174
00004175
00004176
00004178
00004179
00004180
00004181
00004182
00004183
00004184
00004185
00004186
00004187
00004188
00004189
00004190
00004191
00004192
00004193
00004194
00004195
00004196
00004197
00004198
00004199
00004200
00004201
00004202
00004203
00004204
00004205
00004206
00004207
00004208
00004209
00004210
00004211
00004212
00004213
00004214
00004215
00004216
00004217
00004218
00004219
00004220
00004221
00004222
00004223
00004224
00004225
00004226
00004227
00004228
00004229
00004230
00004231
00004232
00004233
00004234
00004235
00004236
00004237
00004239
00004240
00004241
00004242
00004243
00004245
00004246
00004248
00004249
00004250
00004252
00004253
00004254
00004255
00004256
00004257
00004258
00004259
00004260
00004261
00004262
00004263
00004264
00004265
00004266
00004267
00004268
00004269
00004270
00004271
00004272
00004273
00004274
00004276
00004277
00004278
00004279
00004280
00004281
00004282
00004283
00004284
00004285
00004286
00004287
00004288
00004289
00004290
00004291
00004292
00004293
00004294
00004295
00004296
00004297
00004298
00004299
00004300
00004301
00004302
00004303
00004304
00004305
00004307
00004308
00004309
00004310
00004311
00004312
00004313
00004314
00004315
00004316
00004317
00004318
00004319
00004320
00004321
00004322
00004323
00004324
00004325
00004326
00004327
00004328
00004329
00004330
00004331
00004332
00004333
00004334
00004335
00004336
00004337
00004338
00004339
00004340
00004341
00004342
00004343
00004344
00004345
00004346
00004347
00004348
00004349
00004350
00004351
00004352
00004353
00004354
00004355
00004356
00004357
00004358
00004359
00004360
00004361
00004362
00004363
00004364
00004365
00004366
00004367
00004368
00004369
00004370
00004371
00004372
00004373
00004374
00004375
00004376
00004377
00004378
00004379
00004380
00004381
00004382
00004383
00004384
00004385
00004386
00004387
00004388
00004389
00004390
00004391
00004392
00004393
00004394
00004395
00004396
00004397
00004398
00004399
00004400
00004401
00004402
00004403
00004404
00004405
00004406
00004407
00004408
00004409
00004410
00004411
00004412
00004413
00004414
00004415
00004416
00004417
00004418
00004419
00004420
00004421
00004422
00004423
00004425
00004427
00004428
00004429
00004430
00004431
00004432
00004434
00004435
00004436
00004437
00004438
00004439
00004440
00004442
00004443
00004444
00004445
00004446
00004448
00004449
00004450
00004451
00004452
00004453
00004454
00004455
00004456
00004457
00004458
00004459
00004460
00004461
00004462
00004463
00004464
00004465
00004466
00004467
00004468
00004469
00004470
00004471
00004472
00004473
00004474
00004475
00004476
00004477
00004478
00004479
00004480
00004481
00004482
00004483
00004485
00004486
00004487
00004488
00004489
00004490
00004491
00004493
00004494
00004495
00004496
00004497
00004498
00004499
00004500
00004501
00004502
00004503
00004504
00004505
00004506
00004507
00004508
00004509
00004510
00004511
00004512
00004513
00004514
00004515
00004516
00004517
00004518
00004519
00004520
00004521
00004522
00004523
00004524
00004525
00004526
00004527
00004528
00004529
00004530
00004531
00004532
00004533
00004534
00004535
00004536
00004537
00004538
00004539
00004540
00004541
00004542
00004543
00004544
00004545
00004546
00004547
00004548
00004549
00004550
00004551
00004552
00004553
00004554
00004555
00004556
00004557
00004558
00004559
00004560
00004561
00004562
00004563
00004564
00004565
00004566
00004567
00004568
00004569
00004570
00004571
00004572
00004573
00004574
00004575
00004576
00004577
00004578
00004579
00004580
00004581
00004582
00004583
00004584
00004585
00004586
00004587
00004588
00004589
00004590
00004591
00004592
00004593
00004594
00004595
00004596
00004597
00004598
00004599
00004600
00004601
00004603
00004604
00004605
00004606
00004607
00004608
00004609
00004610
00004611
00004612
00004613
00004614
00004615
00004616
00004617
00004618
00004619
00004620
00004621
00004622
00004623
00004624
00004625
00004626
00004627
00004629
00004631
00004632
00004633
00004634
00004635
00004636
00004637
00004638
00004639
00004640
00004641
00004642
00004643
00004644
00004645
00004646
00004647
00004648
00004649
00004650
00004651
00004652
00004653
00004654
00004655
00004656
00004657
00004658
00004659
00004660
00004661
00004666
00004667
00004668
00004670
00004671
00004672
00004677
00005000
00005001
00005002
00005003
00005004
00005005
00005006
00005007
00005008
00005009
00005010
00005011
00005012
00005013
00005014
00005015
00005017
00005019
00005020
00005021
00005022
00005023
00005024
00005026
00005027
00005028
00005029
00005030
00005031
00005032
00005033
00005035
00005036
00005039
00005040
00005041
00005042
00005043
00005044
00005045
00005046
00005047
00005048
00005049
00005050
00005051
00005052
00005053
00005054
00005055
00005056
00005057
00005058
00005059
00005060
00005061
00005062
00005064
00005065
00005066
00005067
00005068
00005069
00005070
00005071
00005072
00005073
00005074
00005075
00005076
00005077
00005078
00005079
00005080
00005081
00005082
00005083
00005084
00005085
00005086
00005087
00005088
00005089
00005090
00005091
00005092
00005093
00005094
00005095
00005096
00005097
00005098
00005099
00005100
00005101
00005102
00005103
00005104
00005105
00005106
00005107
00005108
00005109
00005110
00005111
00005112
00005113
00005114
00005115
00005116
00005117
00005118
00005119
00005120
00005121
00005122
00005123
00005124
00005125
00005126
00005128
00005129
00005130
00005131
00005132
00005133
00005134
00005136
00005137
00005140
00005141
00005142
00005143
00005144
00005145
00005146
00005147
00005148
00005149
00005150
00005151
00005152
00005153
00005154
00005155
00005156
00005157
00005158
00005159
00005160
00005161
00005162
00005163
00005164
00005165
00005167
00005168
00005169
00005170
00005171
00005172
00005173
00005174
00005175
00005176
00005177
00005178
00005179
00005181
00005182
00005183
00005184
00005185
00005186
00005187
00005188
00005190
00005191
00005192
00005193
00005194
00005195
00005196
00005197
00005198
00005200
00005201
00005202
00005203
00005204
00005205
00005206
00005207
00005208
00005209
00005210
00005212
00005213
00005214
00005216
00005217
00005218
00005219
00005220
00005221
00005223
00005224
00005225
00005226
00005227
00005229
00005230
00005231
00005232
00005233
00005234
00005235
00005236
00005237
00005238
00005239
00005240
00005241
00005242
00005243
00005244
00005245
00005246
00005247
00005248
00005249
00005250
00005251
00005252
00005253
00005254
00005255
00005256
00005257
00005258
00005259
00005260
00005261
00005263
00005264
00005265
00005266
00005267
00005268
00005269
00005270
00005271
00005272
00005273
00005274
00005275
00005276
00005277
00005278
00005279
00005280
00005281
00005282
00005283
00005284
00005285
00005286
00005287
00005288
00005289
00005290
00005291
00005292
00005293
00005294
00005295
00005296
00005297
00005298
00005299
00005301
00005302
00005303
00005304
00005305
00005306
00005307
00005308
00005309
00005310
00005311
00005312
00005313
00005314
00005315
00005317
00005318
00005319
00005320
00005321
00005323
00005324
00005325
00005326
00005327
00005328
00005329
00005330
00005331
00005332
00005333
00005334
00005335
00005336
00005337
00005339
00005340
00005341
00005342
00005343
00005344
00005345
00005346
00005347
00005349
00005350
00005351
00005352
00005353
00005354
00005355
00005356
00005357
00005358
00005359
00005360
00005361
00005362
00005363
00005364
00005365
00005366
00005367
00005368
00005369
00005370
00005371
00005372
00005373
00005374
00005375
00005376
00005377
00005378
00005379
00005380
00005381
00005383
00005384
00005385
00005386
00005387
00005388
00005389
00005390
00005391
00005392
00005393
00005394
00005395
00005396
00005397
00005398
00005399
00005400
00005401
00005402
00005403
00005404
00005405
00005406
00005407
00005408
00005409
00005410
00005411
00005412
00005413
00005414
00005415
00005416
00005417
00005418
00005419
00005420
00005421
00005422
00005423
00005424
00005425
00005426
00005427
00005428
00005429
00005430
00005431
00005432
00005433
00005434
00005435
00005436
00005437
00005438
00005439
00005440
00005442
00005443
00005444
00005445
00005446
00005447
00005449
00005450
00005452
00005453
00005454
00005455
00005456
00005457
00005458
00005459
00005460
00005461
00005463
00005464
00005465
00005466
00005467
00005468
00005469
00005470
00005471
00005472
00005473
00005474
00005476
00005477
00005478
00005479
00005480
00005481
00005482
00005483
00005484
00005485
00005486
00005487
00005488
00005489
00005490
00005491
00005492
00005493
00005494
00005495
00005496
00005497
00005498
00005499
00005500
00005501
00005502
00005503
00005504
00005505
00005506
00005507
00005508
00005509
00005510
00005511
00005512
00005513
00005514
00005515
00005516
00005517
00005518
00005519
00005520
00005521
00005522
00005523
00005524
00005525
00005526
00005527
00005528
00005529
00005530
00005531
00005532
00005533
00005534
00005535
00005536
00005537
00005538
00005540
00005541
00005543
00005544
00005545
00005546
00005547
00005548
00005549
00005550
00005551
00005552
00005553
00005554
00005555
00005556
00005557
00005558
00005559
00005560
00005561
00005562
00005563
00005564
00005565
00005566
00005567
00005568
00005569
00005570
00005571
00005572
00005573
00005574
00005575
00005576
00005577
00005578
00005580
00005581
00005582
00005583
00005584
00005585
00005586
00005588
00005589
00005590
00005591
00005592
00005593
00005594
00005595
00005596
00005597
00005598
00005599
00005600
00005601
00005602
00005603
00005604
00005605
00005606
00005607
00005608
00005609
00005610
00005611
00005612
00005613
00005614
00005615
00005616
00005617
00005618
00005619
00005621
00005622
00005623
00005624
00005625
00005629
00005630
00005631
00005632
00005633
00005634
00005645
00005646
00005648
00005649
00005650
00005651
00005652
00005653
00005654
00005655
00005656
00005657
00005658
00005659
00005660
00005661
00005662
00005663
00005664
00005665
00005666
00005667
00005668
00005669
00005670
00005671
00005672
00005673
00005674
00005675
00005676
00005677
00005678
00005679
00005680
00005682
00005683
00005684
00005685
00005686
00005687
00005688
00005689
00005690
00005691
00005692
00005693
00005694
00005695
00005696
00005697
00005698
00005699
00005700
00005701
00005702
00005703
00005704
00005705
00005706
00005707
00005708
00005709
00005711
00005712
00005713
00005714
00005715
00005716
00005717
00005718
00005719
00005720
00005721
00005722
00005724
00005725
00005726
00005727
00005728
00005729
00005730
00005731
00005732
00005733
00005734
00005735
00005736
00005737
00005738
00005739
00005740
00005741
00005742
00005743
00005744
00005745
00005746
00005747
00005748
00005750
00005751
00005752
00005755
00005756
00005757
00005758
00005759
00005760
00005761
00005762
00005763
00005764
00005766
00005767
00005768
00005769
00005770
00005771
00005772
00005775
00005776
00005777
00005778
00005779
00005780
00005781
00005782
00005783
00005784
00005785
00005786
00005787
00005788
00005789
00005790
00005791
00005792
00005795
00005796
00005797
00005798
00005799
00005800
00005801
00005802
00005803
00005804
00005805
00005806
00005807
00005808
00005809
00005810
00005811
00005812
00005813
00005814
00005815
00005816
00005817
00005818
00005819
00005820
00005824
00005825
00005826
00005827
00005828
00005829
00005830
00005831
00005832
00005833
00005834
00005835
00005836
00005837
00005838
00005839
00005840
00005841
00005842
00005843
00005844
00005845
00005846
00005847
00005848
00005849
00005850
00005851
00005852
00005853
00005854
00005855
00005856
00005857
00005858
00005859
00005860
00005861
00005862
00005863
00005864
00005865
00005866
00005867
00005868
00005869
00005870
00005872
00005873
00005874
00006000
00006001
00006002
00006003
00006004
00006005
00006006
00006007
00006008
00006009
00006010
00006011
00006012
00006013
00006014
00006015
00006016
00006017
00006018
00006019
00006020
00006021
00006022
00006023
00006024
00006025
00006026
00006027
00006028
00006029
00006030
00006031
00006032
00006033
00006034
00006035
00006036
00006037
00006038
00006039
00006040
00006041
00006042
00006043
00006044
00006045
00006046
00006047
00006048
00006049
00006050
00006051
00006052
00006053
00006054
00006055
00006056
00006057
00006058
00006059
00006060
00006061
00006062
00006063
00006064
00006065
00006066
00006067
00006068
00006069
00006070
00006071
00006072
00006073
00006074
00006075
00006076
00006077
00006078
00006079
00006080
00006081
00006082
00006083
00006084
00006085
00006086
00006087
00006088
00006089
00006090
00006091
00006092
00006093
00006094
00006095
00006096
00006097
00006098
00006099
00006100
00006101
00006103
00006110
00006111
00006112
00006113
00006114
00006115
00006116
00006117
00006118
00006120
00006121
00006122
00006123
00006124
00006125
00006126
00006129
00006130
00006131
00006132
00006133
00006134
00006135
00006136
00006137
00006138
00006139
00006140
00006141
00006142
00006143
00006144
00006145
00006146
00006147
00006148
00006149
00006150
00006151
00006152
00006153
00006154
00006155
00007558
00008360
00009537
00010758
00011390
00011916
00016001
00017474
00017749
00018119
00018272
00020970
00021116
00021585
00021689
00021924
00021962
00022771
00022796
00022797
00022811
00022812
00022813
00022814
00022982
00022983
00023031
00023032
00023033
00023034
00023070
00023071
00023072
00023073
00023147
00023149
00023150
00023151
00023152
00023188
00023189
00023190
00023241
00023264
00023265
00023366
00023367
00023490
00023491
00023492
00023493
00023510
00023540
00023541
00023542
00023543
00023559
00023615
00023616
00023617
00023618
00023619
00023620
00023621
00023622
00023623
00023849
00023850
00023851
00023940
00023941
00024082
00024083
00024084
00024085
00024146
00024175
00024176
00024177
00024198
00024199
00024210
00024211
00024212
00024213
00024214
00024215
00024222
00024223
00024224
00024231
00024232
00024267
00024269
00024270
00024271
00024312
00024313
00024314
00024315
00024330
00024332
00024389
00024407
00024408
00024409
00024420
00024421
00024422
00024423
00024424
00024475
00024477
00024479
00024504
00024506
00024509
00024510
00024515
00024530
00024531
00024533
00024562
00024563
00024564
00024565
00024583
00024653
00024664
00024665
00024667
00024668
00024669
00024670
00024671
00024672
00024673
00024674
00024675
00024676
00024677
00024678
00024679
00024680
00024681
00024682
00024683
00024684
00024685
00024686
00024687
00024688
00024689
00024690
00024691
00024692
00024693
00024694
00024695
00024696
00024697
00024698
00024699
00024700
00024701
00024703
00024727
00024728
00024729
00024750
00024751
00024752
00024753
00024754
00024760
00024761
00024776
00024836
00024850
00024946
00024947
00024959
00024960
00024961
00025004
00025006
00025051
00025117
00025118
00025119
00025136
00025150
00025151
00025152
00025153
00025158
00025167
00025168
00025169
00025170
00025183
00025246
00025257
00025272
00025385
00025389
00025390
00025391
00025392
00025393
00025394
00025451
00025455
00025456
00025457
00025458
00025460
00025467
00025468
00025469
00025470
00025471
00025472
00025473
00025480
00025553
00025554
00025555
00025556
00025561
00025565
00025604
00025606
00025619
00025677
00025679
00025681
00025829
00025834
00025835
00025899
00025929
00025930
00025954
00025995
00026002
00026021
00026023
00026045
00026047
00026078
00026079
00026136
00026160
00026171
00026172
00026177
00026180
00026250
00026262
00026266
00026274
00026275
00026276
00026306
00026311
00026334
00026391
00026430
00026432
00026469
00026493
00026496
00026497
00026929
00026939
00027078
00027825
00027826
00027831
00027930
00285820
00285821
00285822
00285962
00286154
00286157
00286227
00286228
00286289
00286290
00286291
00286292
00286389
00286528
00286529
00286530
00286531
B000005
B000006
B000007
B000008
B000009
B000010
B000011
B000012
B000013
B000014
B000015
B000016
B000017
B000018
B000019
B000020
B000023
B000024
B000026
B000027
B000028
B000029
B000030
B000031
B000032
B000033
B000034
B000035
B000036
B000037
B000039
B000041
B000042
B000043
B000044
B000045
B000046
B000047
B000048
B000049
B000050
B000051
B000052
B000053
B000054
B000055
B000058
B000059
B000060
B000061
B000062
B000063
B000064
B000065
B000066
B000067
B000068
B000069
B000070
B000071
B000072
B000073
B000075
B000082
B000084
B000085
B000086
B000087
B000088
B000089
B000091
B000092
B000093
B000095
B000096
B000097
B000098
B000099
B000100
B000101
B000102
B000108
B000109
B000110
B000111
B000112
B000114
B000115
B000116
B000118
B000119
B000120
B000121
B000122
B000124
B000125
B000126
B000128
B000142
B000150
B000152
B000154
B000157
B000158
B000159
B000176
B000180
B000188
B000189
B000192
B000193
B000195
B000199
B000202
B000203
B000204
B000208
B000231
B000239
B000241
B000253
B000259
B000260
B000263
B000264
B000265
B000266
B000267
B000269
B000270
B000272
B000273
B000274
B000284
B000286
B000294
B000295
B000296
B000297
B000298
B000299
B000300
B000301
B000302
B000303
B000304
B000305
B000306
B000308
B000310
B000311
B000313
B000314
B000315
B000316
B000317
B000318
B000319
B000320
B000321
B000322
B000324
B000325
B000326
B000327
B000328
B000330
B000331
B000332
B000333
B000335
B000336
B000337
B000338
B000339
B000341
B000342
B000343
B000344
B000345
B000346
B000347
B000348
B000349
B000351
B000352
B000353
B000354
B000355
B000356
B000357
B000358
B000359
B000361
B000362
B000363
B000364
B000365
B000366
B000367
B000369
B000370
B000371
B000372
B000373
B000374
B000375
B000376
B000377
B000378
B000379
B000380
B000381
B000382
B000383
B000384
B000385
B000386
B000387
B000388
B000390
B000391
B000392
B000393
B000394
B000395
B000396
B000398
B000399
B000400
B000401
B000402
B000403
B000404
B000406
B000407
B000408
B000409
B000410
B000413
B000415
B000416
B000417
B000418
B000419
B000420
B000422
B000423
B000424
B000425
B000426
B000427
B000428
B000429
B000430
B000431
B000432
B000433
B000434
B000436
B000437
B000438
B000439
B000441
B000442
B000443
B000444
B000445
B000446
B000447
B000448
B000449
B000450
B000451
B000452
B000453
B000454
B000455
B000456
B000457
B000458
B000459
B000460
B000461
B000462
B000463
B000464
B000465
B000466
B000467
B000468
B000469
B000470
B000471
B000473
B000474
B000475
B000476
B000479
B000481
B000482
B000483
B000484
B000485
B000486
B000487
B000488
B000489
B000490
B000491
B000492
B000494
B000495
B000497
B000498
B000499
B000500
B000501
B000502
B000503
B000504
B000505
B000506
B000507
B000508
B000509
B000511
B000512
B000513
B000514
B000515
B000516
B000517
B000518
B000519
B000520
B000521
B000522
B000523
B000524
B000526
B000527
B000528
B000529
B000530
B000531
B000532
B000533
B000534
B000535
B000536
B000538
B000539
B000543
B000550
B000552
B000554
B000555
B000556
B000557
B000558
B000559
B000560
B000561
B000562
B000563
B000564
B000567
B000569
ISBN_0310233682
ISBN_0316666009
ISBN_091664202X
ISBN_0961061804
ISBN_1565639774
ISBN_1899937005
ISBN_76783003255
ISBN_9730736902415
ISBN_9780007219704
ISBN_9780007368280
ISBN_9780007946662
ISBN_9780007946723
ISBN_9780060177225
ISBN_9780060256661
ISBN_9780060539825
ISBN_9780060630355
ISBN_9780060753641
ISBN_9780060763893
ISBN_9780060837020
ISBN_9780061139062
ISBN_9780061139079
ISBN_9780061375354
ISBN_9780062065254
ISBN_9780062310644
ISBN_9780062344625
ISBN_9780062344632
ISBN_9780062354372
ISBN_9780062383341
ISBN_9780062409157
ISBN_9780062444134
ISBN_9780062490438
ISBN_9780062569400
ISBN_9780062699220
ISBN_9780062834942
ISBN_9780062834959
ISBN_9780062834997
ISBN_9780062878816
ISBN_9780062936042
ISBN_9780063056664
ISBN_9780063382930
ISBN_9780076575527
ISBN_9780078119064
ISBN_9780099606109
ISBN_9780140268867
ISBN_9780140441871
ISBN_9780140447606
ISBN_9780142180310
ISBN_9780142196588
ISBN_9780142425831
ISBN_9780143038252
ISBN_9780151015450
ISBN_9780156034623
ISBN_9780156711425
ISBN_9780195177534
ISBN_9780199207732
ISBN_9780226469362
ISBN_9780241215760
ISBN_9780306822667
ISBN_9780307454560
ISBN_9780307455444
ISBN_9780310217572
ISBN_9780310624523
ISBN_9780312156961
ISBN_9780312269951
ISBN_9780312311322
ISBN_9780312330538
ISBN_9780312379834
ISBN_9780312387976
ISBN_9780312387983
ISBN_9780312422271
ISBN_9780312536633
ISBN_9780312982515
ISBN_9780314844897
ISBN_9780316067959
ISBN_9780316067966
ISBN_9780316068147
ISBN_9780316079914
ISBN_9780316290128
ISBN_9780316332897
ISBN_9780316337526
ISBN_9780316462440
ISBN_9780316462471
ISBN_9780316462495
ISBN_9780316462631
ISBN_9780316462716
ISBN_9780316462754
ISBN_9780316521178
ISBN_9780316555678
ISBN_9780316565189
ISBN_9780316565196
ISBN_9780316565202
ISBN_9780316669177
ISBN_9780345356369
ISBN_9780345396532
ISBN_9780345429230
ISBN_9780345435750
ISBN_9780345453747
ISBN_9780345511485
ISBN_9780345522474
ISBN_9780345522498
ISBN_9780345527684
ISBN_9780345544971
ISBN_9780356501215
ISBN_9780356501963
ISBN_9780375725609
ISBN_9780385337939
ISBN_9780385485760
ISBN_9780395924952
ISBN_9780399157653
ISBN_9780425256237
ISBN_9780425256299
ISBN_9780425273852
ISBN_9780425274828
ISBN_9780425285961
ISBN_9780439064873
ISBN_9780439136365
ISBN_9780439139601
ISBN_9780439358071
ISBN_9780439543293
ISBN_9780439785969
ISBN_9780440184621
ISBN_9780440225805
ISBN_9780440245995
ISBN_9780441007462
ISBN_9780441013678
ISBN_9780446572767
ISBN_9780446670012
ISBN_9780446676106
ISBN_9780451225245
ISBN_9780451234018
ISBN_9780451414885
ISBN_9780451461223
ISBN_9780451464118
ISBN_9780451464606
ISBN_9780451473066
ISBN_9780451474018
ISBN_9780452283138
ISBN_9780465092840
ISBN_9780470089460
ISBN_9780470907757
ISBN_9780486402833
ISBN_9780486454665
ISBN_9780515153651
ISBN_9780525434764
ISBN_9780525517498
ISBN_9780525520375
ISBN_9780525536635
ISBN_9780525561323
ISBN_9780545139700
ISBN_9780547150932
ISBN_9780547393087
ISBN_9780553281743
ISBN_9780553391534
ISBN_9780553567717
ISBN_9780578583259
ISBN_9780590353427
ISBN_9780593099865
ISBN_9780593135228
ISBN_9780593157817
ISBN_9780593295502
ISBN_9780593296400
ISBN_9780593724286
ISBN_9780593725443
ISBN_9780671578084
ISBN_9780671656041
ISBN_9780671877446
ISBN_9780671878450
ISBN_9780679744399
ISBN_9780714864679
ISBN_9780718011932
ISBN_9780718076856
ISBN_9780735212152
ISBN_9780735241756
ISBN_9780738709895
ISBN_9780743251624
ISBN_9780743258074
ISBN_9780743436120
ISBN_9780760737392
ISBN_9780765341532
ISBN_9780765348289
ISBN_9780765354303
ISBN_9780765377159
ISBN_9780765377692
ISBN_9780765386632
ISBN_9780765386694
ISBN_9780765387431
ISBN_9780765388254
ISBN_9780767919418
ISBN_9780768437850
ISBN_9780785211570
ISBN_9780794400002
ISBN_9780800720346
ISBN_9780805015096
ISBN_9780805080483
ISBN_9780805080490
ISBN_9780805080506
ISBN_9780805080513
ISBN_9780805080520
ISBN_9780807079409
ISBN_9780807079515
ISBN_9780807081778
ISBN_9780811217279
ISBN_9780812509250
ISBN_9780812522396
ISBN_9780812550702
ISBN_9780812550757
ISBN_9780812551488
ISBN_9780812571332
ISBN_9780812577563
ISBN_9780825431609
ISBN_9780844237886
ISBN_9780865970120
ISBN_9780877795964
ISBN_9780890515105
ISBN_9780892819799
ISBN_9780899576510
ISBN_9780899576633
ISBN_9780929385228
ISBN_9780967961354
ISBN_9780970220202
ISBN_9780970426123
ISBN_9780988489134
ISBN_9780989352918
ISBN_9780989524988
ISBN_9780998106113
ISBN_9780998316659
ISBN_9781082094354
ISBN_9781111821227
ISBN_9781250007346
ISBN_9781250027436
ISBN_9781250031129
ISBN_9781250034403
ISBN_9781250041746
ISBN_9781250044433
ISBN_9781250055439
ISBN_9781250063168
ISBN_9781250081162
ISBN_9781250087348
ISBN_9781250129833
ISBN_9781250182494
ISBN_9781250194770
ISBN_9781250197672
ISBN_9781250237750
ISBN_9781250252616
ISBN_9781250252623
ISBN_9781250252630
ISBN_9781250303790
ISBN_9781250348067
ISBN_9781250359735
ISBN_9781250371683
ISBN_9781250380272
ISBN_9781250389848
ISBN_9781250405012
ISBN_9781250618979
ISBN_9781250806710
ISBN_9781250806727
ISBN_9781250859440
ISBN_9781250879455
ISBN_9781305094765
ISBN_9781319243791
ISBN_9781328505682
ISBN_9781328911247
ISBN_9781335050120
ISBN_9781338878943
ISBN_9781338878981
ISBN_9781394207541
ISBN_9781394258246
ISBN_9781394266418
ISBN_9781400080670
ISBN_9781401323257
ISBN_9781409186052
ISBN_9781413301045
ISBN_9781414311623
ISBN_9781416555445
ISBN_9781418541682
ISBN_9781419778360
ISBN_9781420101874
ISBN_9781421501857
ISBN_9781421539898
ISBN_9781421539904
ISBN_9781421539911
ISBN_9781421584966
ISBN_9781421584973
ISBN_9781421584980
ISBN_9781421584997
ISBN_9781421585017
ISBN_9781421585024
ISBN_9781421585048
ISBN_9781421586205
ISBN_9781421586212
ISBN_9781421586229
ISBN_9781439153154
ISBN_9781451639155
ISBN_9781455516025
ISBN_9781455550623
ISBN_9781455550630
ISBN_9781455550678
ISBN_9781455572113
ISBN_9781455586462
ISBN_9781455596751
ISBN_9781472213358
ISBN_9781472258458
ISBN_9781477827642
ISBN_9781478948384
ISBN_9781481431910
ISBN_9781492663997
ISBN_9781496437662
ISBN_9781496462800
ISBN_9781496474506
ISBN_9781500934491
ISBN_9781501058882
ISBN_9781501116292
ISBN_9781501135972
ISBN_9781501173219
ISBN_9781501180996
ISBN_9781501181009
ISBN_9781510758957
ISBN_9781517760571
ISBN_9781524760793
ISBN_9781527207264
ISBN_9781529061840
ISBN_9781538701140
ISBN_9781538701454
ISBN_9781538718704
ISBN_9781538744390
ISBN_9781538760666
ISBN_9781544512273
ISBN_9781551528564
ISBN_9781560254089
ISBN_9781561581139
ISBN_9781562790714
ISBN_9781563638138
ISBN_9781565125605
ISBN_9781565846562
ISBN_9781569475423
ISBN_9781569756225
ISBN_9781585160464
ISBN_9781586638443
ISBN_9781590173510
ISBN_9781591167532
ISBN_9781591431718
ISBN_9781591856092
ISBN_9781594632389
ISBN_9781594864001
ISBN_9781595548597
ISBN_9781595548603
ISBN_9781596912274
ISBN_9781597802161
ISBN_9781597803328
ISBN_9781597805353
ISBN_9781597805377
ISBN_9781601626431
ISBN_9781610361927
ISBN_9781612182377
ISBN_9781612629940
ISBN_9781612629957
ISBN_9781612629964
ISBN_9781612680194
ISBN_9781615195916
ISBN_9781616238391
ISBN_9781619636064
ISBN_9781631492228
ISBN_9781632361028
ISBN_9781632361035
ISBN_9781632361288
ISBN_9781632362131
ISBN_9781632362520
ISBN_9781632362537
ISBN_9781632362544
ISBN_9781632362551
ISBN_9781632362568
ISBN_9781632362575
ISBN_9781632363015
ISBN_9781632363459
ISBN_9781632364395
ISBN_9781632365040
ISBN_9781632366832
ISBN_9781632366849
ISBN_9781632367334
ISBN_9781632367341
ISBN_9781632367983
ISBN_9781632368492
ISBN_9781632369161
ISBN_9781632369918
ISBN_9781633693937
ISBN_9781635306927
ISBN_9781642011104
ISBN_9781644730386
ISBN_9781646512133
ISBN_9781646512348
ISBN_9781646514052
ISBN_9781646514250
ISBN_9781646515844
ISBN_9781646517138
ISBN_9781647293697
ISBN_9781647293703
ISBN_9781647346300
ISBN_9781695187191
ISBN_9781735187501
ISBN_9781789663082
ISBN_9781840226249
ISBN_9781844810161
ISBN_9781849311625
ISBN_9781892008602
ISBN_9781906427795
ISBN_9781913695422
ISBN_9781934572498
ISBN_9781936399291
ISBN_9781937007683
ISBN_9781942016687
ISBN_9781950565825
ISBN_9781974755066
ISBN_9781974755394
ISBN_9781974755424
ISBN_9781975316792
ISBN_9781975332938
ISBN_9781975335755
ISBN_9781975344818
ISBN_9781975380908
ISBN_9781975384982
ISBN_9781975751302
ISBN_9781982124571
ISBN_9781982193034
ISBN_9798522510084
ISBN_9798636821618
ISBN_9798809869614
LP000001
LP000002
LP000003
LP000004
LP000005
LP000006
LP000007
LP000008
LP000009
LP000010
LP000011
LP000012
LP000013
LP000014
LP000015
LP000016
LP000017
LP000018
LP000019
LP000020
LP000021
LP000022
LP000023
LP000024
LP000025
LP000026
LP000027
LP000028
LP000029
LP000030
LP000031
LP000032
LP000033
LP000034
LP000035
NOISBN_09bbacca
NOISBN_41d18fad
NOISBN_47e63454
NOISBN_74c53a9b
NOISBN_a706cd8c
NOISBN_c21d82b3
SP000001
SP000002
SP000003
SP000004
SP000005
SP000007
SP000008
SP000009
SP000010
SP000011
SP000012
SP000013
SP000014
SP000015
SP000016
SP000017
SP000018
SP000019
SP000020
SP000022
SP000023
SP000024
SP000025
SP000026
SP000027
SP000028
SP000029
SP000030
SP000031
SP000032
SP000035
SP000037
SP000038
eb000001
